0 0 30
0.1 0 30
0.2 -0.000146158 30.00054042
0.3 -0.000318 30.0005405
0.4 -0.000583994 30.000541
0.5 -0.000735874 30.00054178
0.6 -0.001022476 30.00054541
0.7 -0.001252325 30.00055225
0.8 -0.001504448 30.00056842
0.9 -0.001756614 30.00060653
1 -0.001756614 30.00060653
1.1 -0.001960014 30.00069267
1.2 -0.001960014 30.00069267
1.3 -0.002040508 30.00085314
1.4 -0.002040508 30.00085314
1.5 -0.001957896 30.00112477
1.6 -0.001957896 30.00112477
1.7 -0.001686016 30.00155674
1.8 -0.001686016 30.00155674
1.9 -0.001199168 30.00221196
2 -0.001199168 30.00221196
2.1 -0.000471351 30.0031695
2.2 -0.000471351 30.0031695
2.3 0.000525953 30.00452723
2.4 0.000525953 30.00452723
